769
770
771
772
773
774
775
776
778
781
783
784
785
786
787
788
790
791
792
793
794
796
797
798
800
801
802
804
805
806
809
810
811
814
815
816
819
820
821
822
823
826
827
828
830
832
833
834
835
836
838
840
843
844
847
850
851
852
853
854
856
861
863
864
865
867
869
870
871
872
873
875
209
210
211
215
216
219
221
223
226
228
229
231
233
234
235
236
237
238
239
240
241
242
244
245
246
248
249
250
251
253
254
255
256
980
981
983
984
985
986
987
991
992
996
998
999
1000
1002
1003
1004
1005
1007
1008
1010
1012
1015
1016
1018
1019
1020
1021
1022
1023
1025
1026
1027
1028
1029
1030
1032
1033
1034
1035
1036
1037
1038
1039
1040
1041
1042
1043
1044
1045
1046
1047
1048
1049
1052
1053
1055
1057
1058
1060
1061
1062
1063
1065
1066
1068
1071
1072
1073
1
3
5
6
7
8
10
11
12
15
18
20
22
23
25
26
27
30
33
36
37
39
468
469
470
471
472
473
478
480
481
483
484
485
486
487
490
491
493
494
495
496
497
498
499
500
501
502
503
505
506
507
509
511
512
513
514
515
516
517
519
520
521
523
524
527
528
529
530
532
533
534
535
537
538
539
540
542
543
544
546
548
549
550
551
552
553
555
556
558
560
561
562
257
261
262
263
264
265
266
267
268
270
275
276
278
279
280
282
283
284
285
286
287
288
289
291
293
294
295
297
298
299
301
303
304
305
308
309
310
311
314
315
317
319
320
322
323
324
327
328
330
331
333
335
337
342
347
349
350
351
353
354
356
357
362
364
41
46
49
50
51
52
53
54
55
56
58
59
60
61
62
63
64
67
68
69
70
71
72
74
563
568
569
570
571
572
575
576
577
579
580
581
582
583
584
587
588
590
591
592
593
594
595
596
598
599
600
601
602
603
605
607
610
611
614
618
619
620
621
624
625
627
628
629
630
631
632
633
635
636
637
638
639
642
643
644
645
650
651
652
653
655
661
662
664
665
666
669
670
1174
1176
1177
1179
1182
1184
1185
1187
1188
1190
1191
1192
1193
1194
1195
1196
1198
1200
1201
1203
1204
1206
1207
1208
1209
1210
1211
1212
1213
1214
1215
1216
1217
1218
1219
1220
1221
1222
1223
1224
1225
1226
1227
1228
1230
1231
1232
1233
1234
1235
1236
1237
1238
1239
1240
1242
1243
1246
1247
1248
1249
1250
1252
1253
1254
1257
1258
1259
1260
1262
1263
1264
1265
1266
876
882
883
884
885
886
887
893
894
895
896
897
898
899
904
905
906
907
909
910
912
915
916
919
920
921
922
923
925
926
927
928
930
932
934
936
941
942
943
944
946
947
948
950
951
952
959
960
961
962
963
966
968
969
970
971
972
976
978
979
671
672
673
674
675
678
679
681
682
684
685
686
688
689
692
694
695
696
700
701
702
703
706
707
708
709
710
711
712
713
714
715
716
717
718
719
720
722
723
724
725
726
728
729
730
731
732
734
735
737
738
739
741
742
744
745
746
747
749
751
753
754
756
757
758
759
760
761
763
764
768
177
178
179
180
181
183
184
186
190
191
192
193
194
196
199
200
201
202
203
205
206
116
119
120
121
122
124
125
126
127
128
130
131
132
134
138
140
1076
1077
1078
1079
1081
1082
1083
1085
1089
1090
1091
1092
1093
1094
1095
1096
1097
1098
1099
1101
1103
1105
1106
1107
1108
1110
1111
1115
1117
1118
1119
1121
1122
1124
1126
1127
1128
1131
1133
1134
1135
1138
1139
1141
1142
1144
1147
1148
1149
1150
1152
1153
1155
1158
1161
1162
1163
1164
1167
1169
1172
78
79
81
82
83
85
86
87
88
89
90
92
93
95
96
97
98
100
102
103
105
106
107
109
110
111
113
366
367
370
371
372
376
377
380
383
384
387
389
390
391
392
393
394
395
396
397
401
402
403
405
406
408
409
410
411
413
414
416
417
418
420
421
422
424
425
426
427
428
429
432
433
434
435
436
438
442
443
445
446
449
450
454
464
467
149
152
153
154
155
156
159
160
161
165
166
168
169
170
171
174
175
176
