769
770
771
772
773
774
775
781
783
784
785
786
788
790
793
794
796
797
798
800
801
802
804
805
806
809
810
811
814
815
816
819
821
822
823
827
828
830
832
833
834
835
836
840
844
847
850
853
854
861
863
864
867
870
871
872
873
875
209
210
211
215
221
223
226
228
231
233
234
235
236
237
240
241
242
244
246
248
249
250
251
253
254
255
256
980
981
983
984
985
986
987
991
992
996
998
999
1000
1002
1004
1007
1008
1010
1012
1016
1018
1019
1020
1022
1023
1025
1026
1027
1028
1029
1030
1032
1033
1034
1035
1036
1037
1040
1041
1042
1043
1044
1046
1047
1052
1053
1055
1058
1060
1061
1062
1063
1066
1068
1073
1
3
6
7
8
10
11
12
18
22
23
25
27
30
33
36
37
39
469
470
472
473
478
481
483
486
487
490
491
493
494
495
496
497
498
499
500
501
502
503
505
506
507
511
512
513
514
515
516
517
519
520
521
523
524
527
528
529
530
532
533
538
539
540
542
543
546
548
549
550
551
553
555
561
562
257
263
265
266
268
270
275
276
278
279
280
282
283
284
286
288
289
291
293
295
298
301
303
304
305
308
310
311
314
315
317
319
320
322
323
324
327
328
330
331
333
335
337
342
349
350
353
354
356
357
362
41
46
50
51
54
55
56
58
59
60
61
62
63
67
68
69
70
71
72
563
569
570
571
572
575
576
579
580
581
583
587
590
591
592
593
594
595
598
599
600
601
602
603
605
607
610
611
614
618
619
620
621
625
628
629
630
632
633
636
637
638
639
642
644
645
650
652
653
655
661
662
664
665
669
670
1174
1176
1177
1179
1182
1184
1185
1187
1188
1190
1191
1193
1194
1195
1196
1198
1200
1201
1203
1204
1207
1208
1209
1210
1211
1212
1213
1214
1215
1216
1217
1219
1223
1225
1226
1228
1231
1232
1233
1234
1235
1236
1237
1238
1239
1240
1242
1243
1248
1249
1253
1254
1257
1258
1260
1262
1263
1264
1266
882
883
884
885
887
893
896
897
898
899
904
905
906
909
915
916
919
920
921
922
923
925
926
927
934
941
942
943
946
947
948
950
951
952
959
960
961
962
966
968
969
970
976
978
979
671
673
674
675
678
681
682
685
686
688
689
692
695
696
700
701
703
706
707
708
710
711
712
713
714
715
717
718
719
720
722
723
724
725
726
728
729
731
732
734
735
738
739
741
742
744
745
746
749
753
754
756
757
758
759
760
768
177
179
180
183
184
186
190
193
194
196
199
200
202
205
206
116
119
121
122
124
125
126
128
130
131
132
134
138
140
1076
1078
1079
1081
1085
1089
1090
1091
1092
1093
1094
1096
1098
1099
1103
1106
1108
1110
1111
1115
1118
1119
1121
1122
1124
1126
1128
1131
1133
1134
1135
1141
1144
1147
1149
1150
1153
1155
1158
1161
1162
1163
1167
1169
1172
78
81
83
87
89
90
92
95
97
98
100
102
103
105
107
109
111
367
370
371
372
376
377
380
384
387
389
390
391
393
395
396
401
402
403
405
406
409
410
413
414
416
417
421
424
425
426
429
433
434
435
436
438
442
443
445
446
454
464
149
152
153
155
156
160
161
166
168
169
170
171
174
175
176
